$ANSIBLE_VAULT;1.1;AES256
62386337373231313137316234663665373762613439366331333932386132333561656566373366
3933656235616334646437336333653833613363613130380a366261353533316337656139376164
31356666643031356331323433386336356538333031333939393939326531336434633934663631
3838363961306431300a633434383435323961396535303562303663626633356334396664343534
65346433366230636664373237643965346635353565666637636338646633383866653163343064
34376361333530383533373865373230393136373861376130333631356438356134656234653236
64396536343534623865363935396665626165633638346231353938363163386134653463643437
66303937623233396133346230373938333834653330376465616662306464363732626666613532
35383332643661366362376137323435356434663632316135316663353137633962383431383562
36663964303339323239616261383263396165363333353664656565636431313633376436356435
35623334393165383763313333353230623836313835656236313661646136633731313138313363
63353066343233336233386464663534353762306236656132353165393933396566386461303539
64646233373932613938383463373732636464393538623235616335376637643361666361666263
31313537366233636631383533643430373034633865383430633232643661376333313664663366
37666633623139313439356166613761333935636234373835383862333730393632373365383063
38303432303530323636343839386334353366303164353663333033326236313034663163633863
64333739383166333731353166326661396164363863333764396264653831366361633935353431
62666633653130666239386538386134336362333366353335653335363537343164346232383364
32396239633034396434656632666163663164376362366238316361306132366136356538666563
61363061343464623164323639356230393566633238383335636232306166616134663334663863
63363263643737633763323433373063383734306430376462336162376563666564323566633938
34386462316232613532613730626534336462336434653330353633393766303162376162383466
33643765393962633536646336353062303864663733313735396232313635306665336665366638
63316234313565643331363831363431396333393238326239366230626238313564323566393130
37386138646638383030353532316361623432323462353139313263363931373262613136346165
66653661313632653231646465613865373539623436323036663432386638316366343662333235
66383732346635346233343133633535643137643031336334643063613333343032313933646362
36303363326163393430646664316466656135363631376262333133303265333538633139313536
30316338336633363931633830643735663136393162313464663866653865656366663032663262
30666536653936396662333631306434353337623561356132613366363862346138663366346636
31613834663032326662613435613936303337343164633061393766333662333737303736336565
65343965373936386564366333313837326531643262336263386631643963323239643634326634
32393930656661396164306561316439356631353463636536346662663036613362383535343535
61303061386236396236323564636639363634343539663164646237663030666239633366316434
35396537373338383736373562656666376330306535633931343337633666336133636162656566
63396361373637343933616132653336653233373539616431306364636462326665663436653837
38363063306566646365376136346138306264303265356536316432313538316265393938303639
62656131643366323435393638313834653362636130383030626265663961363764306162343332
61616661393566313336613237666566343535656139323638633061393938396339636530356439
62663033383365616135306130336639636664343731303432623266336432343063663465343632
64396136656438303338633361616238386431313737636532346136386433373733383563656139
37623732323039613761393934386565633239633366626336376363333931363662333634346366
66316464313233383865323231336362656362393164333964623532373836353362353437336330
33303565656130376365653039653161386562383839373036313433616437303035653463326539
61393662643235643465396638366133343432316236643163643532643766646661626630643334
64663832666561323437313666363437666262313532303161656531323830343636643664306636
64623665326134383638366462373232333033316537303934616466333635623664383137653163
36323336646165393632396234326265323161386236666666306530646266316436663466306462
64346261643739326536363630336463643933663839353638623432636133616438663561316166
32386132653564396336666339346563663138313136656137306638306132646464363765626163
35356436613666653337346462393032343532623263663063333835366638353535336337393461
35623464626661326464366563343366336265343336376665363434626662613038356562313331
39363365666430333537366562303232346336323834613463323431306531653635636166626263
36386363383939346166363366383939313631333536313231626236656230616430363635636165
33313166643035353737666564303934623336643166343164623837386664643864653965316165
66643163613034373061383131613537303539393861376262316662663431396434613430636263
66346466333862366332306532363033343861316235636165663235633264346366363130303663
66643662386565376130373035346134333032326436666635306563623331363665313963613664
62616362376333396666356434343764343533363333353130663864303363613166643030313038
33376666663335383138656361396662626438383836613532663762646561363238336637653863
62623638616462323232383733343163376639633831626133316665373462366666663464633335
65666362316534343865363564626166363938353030333839376635333430326230636635306363
35623230653632366462363331633734653534313466323733393030623833356435323037306665
64313063333163633932356534623365646334353865353138626135336237343030316538616564
32303836323037383932333734336234373331343465623966356339306430353661343238313736
39393339306264363661326662323462383362363835303165313738633833336361656530303364
65343939633364663334376530396461323735653733373636623430326333633164326561333431
66363534666335386639653839343333616431343335343839326235353731663964363337323337
63623663313064633363353439313166613262396433353033613562376566383430316365643630
61346561356238336333663165633962316561623430616334666132386264626163323936323338
37316337616134663565376166386665643937376561336332343937393734323733386163613464
61396666396130363537633463326338626332323930393132353334663536333164383061393437
30656466393664396165373730323966623566396331633861656433343235343463326438666262
31373865376336653364373738633563643437303336313861333038656233396335373665623533
63373038323133376465383231613466363662656531623730346163663537623038326461643735
64643037353764616663333661643638656632613833303834653964396436346239653939333236
35363131663365356466316331386132323130393564386230313762653636333564626239663834
38643339323330303630666438303062653335333533376265306135636432353064343566636363
62386362623239343464383966663836333933323163313865633930643330616361383932373362
37663566656539323232653066396433623738326635346462353530623365363031303066393763
36663436643164346135333732323638356134626430326364333132346631636437373066343139
34616231396638656135366164383939323361616135343636373763313566316537333963666463
35383939656633366162366531396566366564396430663738326362393135363632613336663165
38346437316363666330373632623335646135383339363738383533313161396431383362356261
34343961323361383366376237653631613264356434616230393736316661633434363337363439
31343266393039353436653335316465333265373136373832643762326631336335663961373661
33326436346135626332363761663838666431643436313534356338363539363438306366383666
30323564366437653735666430653963376535613064646335326532663662613036643461343162
63623264303839313961643862366563653932656436313230653963326234643835666133376339
39343864636339313433316262366363326637633131376137666464663365653966333163386435
62386662306164333733346334336663306661363737376131353766616139363334383538353663
32306530316135353032373730303464346561636664393464653034333566316161363735616235
37653661386137626337653532616234636461646235653363373835326161346166613335663038
36333563353038623561626566613032653837326237306562313134313265383666306330656633
62663735366331656166323430633138383033666432396530666536626239306335666632313763
65656562353936363666646430326436313532323261383263366362313936316538363837323832
38613461643566373231366565633835616630343563326631303738356361343261386431636362
63653664323464303435373730396162646165363039663231616537643335363937303263643165
61623663366531393430656365666139613963616330353533333466663661303236336238636139
64393031396534333563653430386631323434653738633962613161373762356437353931613234
35393564346665393638663264306162366632363730306266666561653035393833386462666333
37343963373464396565626666623838316664393361633337626265323965393631666131666435
37353661393136363162663937663631663863626631666663663539636531303938383636633539
34323566656361393936313065363934336631636632623233653466663430613063396332653462
66636363643730363363303364313566656435623231656439623232633864366637386435343234
39663032663532626234396136653765616237343135383939633338373866303539646635656239
63383731663836323933646630353162393365663966666535376564323961653665643238653038
66333231656364666331333632376335613833373766616230343464343664316333663936316437
39636566363938383131363530663836393438346130393465376362626433353336303534363334
32343965363031666631303862623238346432626366393764366636666363616636303639613333
37333130356532306636646333633366343933323463316430633263366137303135393966636562
35616464393638633064396637643062386237366532373630303765366665316164326535373461
35653630356234303161613132353732363432386465393733363864653863313037326263353764
39643133383737636434356561663862333261386238396639633939653137336334323536386561
31623734343064336130376365363038393663373634306532373138333631353061363837623032
36623566396235643034323963653065316330323933333239666264363439666432323433363630
66626134613265323430653935356365646165373033366338323764383264373866356136653139
66333333303362323030363764616538646135623933626666386430363964633564386431643435
39343738386336303233636431323765636535316430333362663138633630393666323965336631
66383932343036666666396636393634316430353033626231353634626262393038373536396364
38393936643934633039303432316635666332386664333038366263636531313638653434313334
34663466333165383932363230643037393466313166333130353261326638323464363432633633
38633362356264393062343236653634316135616638353465353964633761303339316561616131
35363466363666373561336536386161313035313631626335303762336133366537323339616163
65316631623664333334623231656632316637616632653134313930663363343533333239316562
62643131386265643837643030653732343832316364323333646235623063353436346539623631
38636134363033643666346330353235363365616465393762393366376461656461386438386265
38616331393865326163366237633037313837656439393366393733306165376435376461633163
61346137613630333034316231383534656665646263396663623732343464653134373434643136
38373336393562396365313039353639323533326564646333613838316139333239386336306537
37303733623139383233313032376131373037613431616232663039663939666336613862316164
31383031636533633836393864303738363230323630396363653635323762356562633961363839
38646466623130663565623436343866363035313262356132356237326264373533
