$ANSIBLE_VAULT;1.1;AES256
39393362323565316635343365316232323662396234346163303337313432373032626562393865
3763623238663333356134303438636666363734303165310a366338666263363136636536363561
66306563306563373137653339396164386339613361383332366361626334383337633563366661
3337373362663961640a666361346562303233396339306334313935633162393338623264373363
30626562646237366533363731616630616663376565303138666437643039343932316366313862
37313331386365386630306336363138333862366639363239623039343332623634616561333331
32393732393731303261326662363066353561343531323664653766366133343663343536373438
36633238353366643333656438363330643664303865386238373938326365346262643732323438
32356435333834633739303933343466633466366263386439633864323438393935343863393939
64663331373431346234623030306333306565663538636631616265343361393363666262663139
38353561316664393130333462626131343265393230343531396637386365316339363233373631
36343466636562336366656531623233346363376437306337643333656132666635393762373962
32363737626561633038326432623631646339333665336662383136613331643039306138373231
64323139323933393261373432356638343930346230666433363963363866313961363038353863
62663661653761366432323061333161633038343438616335333563643232616533303763613031
30633136326133373239616338306166313337616139363635343963363463633638613765656533
65666364356561306338336564393331333635356462333833373930323663383439313864386630
65393439633832636435336636303939316634326162363766313832306437633435323838336265
35356266623662643333626533366666653864353938613661323133653930316165373065653364
33396339336339326632643730383562376536666633366363326362343765333138376631666330
66643639353439316566653539653835313534313736323761366531326561663662336635313233
31623239666561386631323034643263383863383731393766396234613832646232313334633937
37373766623737383339386133633434316363356163323266626235303562366539323965393063
65313366663937333662626265306233336364346530653537323835386131653532333239333462
35393235333133356162636362663732663761303162333334646165653932623064393264353635
65393738636237343065633832613035666336383837633730386637326666356531303365393636
35623462626466333130633438643663663437663961646634396437303265343438646265376232
37393534393934376562616634616535366366326534613263386665353565666666333333343735
33363365366130663263613865613739393933333330353632346165666237633336396263383738
32663534376636363066336536366132333566646363386636303138376466313666663736643939
31343130623935373932353131393439323332356535643130316133626432356134336136303530
34623162626466373531633436646161326533633065663766663337386133633630363834653038
61366165613230366165623233343936346134323735366230323331663034303261376361383762
33633961396563646637333361626665386237373732323036376632313662366331353365313962
65663432623365386131383133326530343632373235333032313065663366376166633030343936
36353964363732373536616265306533306431656132326165333935333539336333386132363433
30663335643937633931383430633761383863333034306662303435633437613037313237366531
36663435383362346666646161383564663665386437666430643335663664373735626630623464
323965633039373939373638383665393135
