$ANSIBLE_VAULT;1.1;AES256
34386535333630383132373436623864396437643562613930623966343437383139363362613031
6437303231313533323136346266656662343864623139310a643933326634623637633936646637
39313264343563396563366136666264333466636637363164646438376630333737383362663064
3235343362333864660a336333393765373839306664336436663364653463643333656435613332
64616635326439643430623239613536333036636431313861333031353062376133343066643264
38656130303138333731366265313232616232303531396430336539353861633263656230666162
37666130633662653930626562626362646462656464363634666566333330636434656636636230
38643236656536303834363765333432623733646637373431346363386266633730313265313361
35376532653163313232353261396538396131656439323334623864326563386532353934656436
39306438333436356533376163316639623932646466626462633062376633303732643666373961
36626664336665656135383530373061663638303362656366333663633934633365336133386365
39393666346131656539343361303833636239623439373664353333353366323761346638343333
37396130333532383737313033613663373730626566306566643035363264393931623363376539
36373834303162393236373131643865636138666332306537363334653937323566663335316262
64353230346632636265383837626130366662343464353937656562653065386165663261633264
36393137623832333936376534393865613639613562363336633431653466393635366661316532
30386533323436393364346664333131346232623864623538363538636264623537613564326465
37333333623137346136393837623262613732663539303330323962323439616535303162383637
30343239353163656438653337626264636536326136666231663735333537393335323637353362
65373237666535306266613439333834653966323038656163313231636562326436646533353762
63363431613565373831636634646635343939623461663064376166613331366239343832313539
33396338613338643566356363663563656434306264336261393436663532643838373131376564
65663534306430613464303262633435316536323931363938626636353437383966333733616362
32343735323137653236356438646232333437353234363636333864386262353430366633393931
62663635326465303065336234383937616238656561386634656266616264646331373931633638
64623430303635353561646437353936323839343264343935366337343537353636393338346337
35326331623661623930356365373262313638653866323637656361366338653834626466353235
39336539643435663165656230656263326365616263613561623963326664616264393130376235
30336437353536613832323236383461373632363338323565353133303931623364653863303965
32663636373334663465356535343034623134616663663737663731343066613461633961666636
63383534636536353231326438326164643866323663346664346135633936363464646638633466
37386561636537343262303462663534353537323936656639636565373335353966333739333634
31306438663230623439643730643961373031666232316331643836623665616330323039633833
64386335393762363633646430346462393837613637363137306131623730633761363238326365
65626431316234323839616230373339323663633363376563666461653564636465663566336537
34663737643062333363623933656635383562623039623733303030636463373064363333396237
37303936633366326332366261356565396466613531363636363335323637373838316135383166
34656564396663376464653031623662613665646534653238316361386561633766613931646466
31343135623261303836663865663365663737303864643839623837656331393730613662363933
65626136626532373935663939663435313330636237616362386161373266383535363933366232
66313362393739396630373438356336383766366237316138333365613265386533306161366331
64653231323830643533383862373534613363353465376539376336653332333331343732376661
65326238623939346661333333303539666665626332356632623439363639343233376231346366
34363635306631616433613435326131376638646564646566343361313134366132353234366332
30313437313832663630663634353561303732363665663161636338303064656162326463313235
32643561333964316365393463393639396465313037343262383336346330386230653832643964
34623933373564633331393630653064373035373336633563323339363037656463656363313266
65333164343132303565343066663966633864353834396563363965663666306635333862356538
62346636313233303331306334633536636438346331656431646531666138633033356536383864
36336536623436333562646363386537616464613263313331316236356633373630303230653339
30653338336666303330313561313436313831626235393835653662663431393762616265396431
35376333313161636335373162336437366438333633393839316361333139356230393963306531
32646362346435363364623632373838633536346161653030323236663163633737353264396436
37326162613839303739636465663933303235313631613436626637356663356366336339363135
39356136303537373361366366316538613463306362616537346637363635366436393331653139
65303364303435393138326533356535326534623938653664646337623530333666336232666232
30396166633732366562396333383064303464363732363930393461383433626436353535333039
31383736643766643161323161313331653437303962636630613732646264323262356434386338
39373933313839633065336233623233623864303430623936643936373535336237633239613435
38376662653635343362343534623531663037633738383761313163366234666439663933623038
32316266623333363330313134666439636630376333393965353739393132326434326532333539
38376461326533393633383532343032353365353031323939396234396463343230316535616338
38663837393134666531663032616231323934333137363763666666353465626463613731396432
37336335663363313231383865333439313966386361636433313933653563666562623731616463
32663836303165386164306537636334363235346561383136393162393032366261313365636538
64313764356334343563613936633166306137383131646232633436346435303234326530363662
37383830306431373236653562313262333862373262363066626330313034643237663030343036
61313434646131313636643037323038366331326563646338306536656531383831643534323134
65383462336435393334636465363366663735393135303935306333323435303838656632393166
34393533613563303633663039613630653561323738383533333365646631636164636439613636
33303331663934346433636234643762363165653436313962376138353833636134643762386335
63396136363435326261643436646530363938656131643566353462386633346466313762353335
66313964656438383635393739613062633962396164303361396636333339643433366435653038
64383338633135636363383138356338663564386562376137313035333564316565316432663332
30346235343263386639663536643036646334343433383830366439323930373932623330633363
30366232623865663239343765623966336533356633633234653038626133633563313163393037
64613263303032353065303931626636373437303965306131306230633130666561356133353363
34656465323532633362363863353539663030636566633732383435393565363331336362613364
38656234386234353632633364326366653735313862373138366436626335363433313638313032
62313362643839643832333039303935633264373139333366313533306137653939383136623631
65666232353036653031653161626632633338303133346661366532353861366236356130366264
30656532396339393437663265313631656434656634343566383630326265643333613166343063
37356365356530376262666136633735653336316266363835366665636561333436393230343532
31613831303132363439
