$ANSIBLE_VAULT;1.1;AES256
66323065313435663662393838323631343464633433373137633833346263633838346431366264
3534636264353238323938383465393730613435633631620a663937356530303962386164653130
34383664313334353038666561623461333963616566366365353466386538333335663264613431
3836316235346166660a646262313538303835383333376166613064376635373766353162336466
63653762363263323032396338383134633261343565303262306465656463323836356162626231
35303130613362613732333238643433313935386235376130333766333135653565313633343831
33646565323435393231323932643766646239653866383930633930643033313334393235396461
38646638303761323764393764613466306633623736383632353166313330326266333461343430
62633063326362383764616232333038613464646534613466346435316439346564353536633034
61323732323763666538646133626234623936623631323037383931313661313935623035386630
30616262613339323264393332643339336235313837376635343862343433356636343365656631
62343730643632313530656232633633353561373263393965333038346165363165616131303338
30333536636263393336303131353838636537343133386132363864643937656237366432366363
62396664346564306537326531356362613833393530613338366639656430616131376565663737
33633638376631663337356137346631623334326131613231313763333834303962646639613531
39386532356561646235376338613131303834656137636632396666393530313339666538643636
34633563373032323934643437626132653762646137613534633930663262323334376239636264
33376330643161356232663663336638373936333664303231656333303939626134313138653461
34336533613734613162613934393431326139306666353336623632633435353165663239363462
38306463386163643930623339623864376538366234326564663861663339643431393361623364
34336466643961343139336165333462626261376538623130643761313437656463313237373161
38383538363162383030343662326639633531623465333861663864633830653264613737313338
66613862616636343233343435643766366238613966313034326232373935343762633835376633
38626535303837613566376366613630366163666238623739313033393136646539343038373330
31333430363330666534623939386231613336326538303863623530636165366364363063666665
31623162643131363562346461313862383336343338353339333064396539343535323237333164
39383534623431636662613534663536613564303237383435336239626438303437383431333761
32303464323061643836616662353031646331346261313336323538353835333561643461633338
37346438323562643633383661313861653465323839646334376562633939373938386165363164
36623863343433313261616531396339666230303430366166373565383535373131323232396538
66363863373733343661366533316130356133373139643462666135663335373239346439636265
62333365336266393637643362383030393561336231386132663763613432396364663765626466
32323066376533343331376339646534306665613364633031656663613439393032643262633764
34336437323836303833313762373534666633303932663361633534626666356662653230396130
65663265306434336165346535396336313034643139663838613461636262643130363061666462
39353739343032626639383364303065373234633561333961643338663330353736323263326233
62383737323937663364653537326235643864386165633334343037623239613137303164393132
34353365633039353836393338653334653630376464353766613061346161633930353830396361
37316531323166626138346137326539396133323337343561623464313935343736623566346266
65646339383861653430643930373536653437396262353236393038633137613965383833323261
63333337343839366661653634646332373033613836343636666334636562616337643631353664
64613638613536336635646130393834393262643838353037343430643564656637663536393834
38313966613032653830323861336335313336383961653637373665626439346235333463346637
63326438393332306339316565336463616661643539306139626230306536626135626337633864
34646431313035633337623438653533356131623362653465323534363565303338626136333932
31666435323434653734383761323561626165393564393039353866353332343961323535653136
33623130646165363562393038613130333038633235393136653434643264343663663733636135
33333738613538623435353438666130323764633430356362623931653164333634646633343362
6439
