$ANSIBLE_VAULT;1.1;AES256
61323536373530643166346261326436623264653837306130626535616337373631616637616239
3636373661333530373431643066633536313065633435330a663434306638616330323939643761
38376139623438373333316236623830613538633738643331363735373835653333303661393030
6133363661376663350a643732333263353536366231336334386130636539336261623337633034
32616464613135633235306633336432323562303634643939376631626261626164623861343362
31353330666664303462636432633362316664303462656461663364363137373836633539306635
37336133316234313566376165643363626663616438636430323338363036356134666335616234
31396132616534313063343239396463383530386538626264616333633662353637303437613936
62333236633064343263613135336238346363356131366162643834393532623962373137393335
32343331353735383164336437643736363232376465353265343531636565643035626164396136
65313932326631343936363236376537626236326262663039376563323634636266626135376432
63336132663230666635353331643061303932643566363262313038373162303835376331303533
33343966323964666265366433346139313339653761373634653363363434393261646636353862
62333062383336393861343336393835386364323435323131663234373363353865666662323333
30383634373435316461616463343139626539663931633464366633366366616435316139616137
62666532333638393730663333633432303063336632326333633230613066646264643563616361
34643239613433663031356230333438316562626339323565623261373134316631353963633438
66356337306238386337666563306638616563616238313237326363393434333230383231626464
33333662633130373864616138643036373031616466626339393066303739656266313666643436
64356266623763666563653766623738376234386236653739666135363639613066626333353330
30656631313032386332383439623130343936653338633632346135643964353633366333333031
64373931343933363662666331313038383537386238663639396464636530633263363333346235
31356532383236383666633134303265356535653134326536363436393039633566336435646639
36396362656639356164366433333230383134316631323034623264653937396431653665643361
66306264313036666232643565323738663364346335323130653639376638313866376635336335
64653166383935363432366631363639303438336564356235356136373235633833643837623135
33346431626165333333653632656538653430623238303063393135306435663239303831393237
33366266656438396464353935623732643732356564303166303962323365343164653164353861
35613166306365333465303864323364363963646232333533343764616533643931623130353764
62633839626234386434663338663534613561353964313066636537616433616533343139383237
31383862646466336233306436396137636633356136373431646565663465653234636339303837
37663665346564643464366234613464396661353437326335656136373262613365363461386432
34336461646337613666336331373037383261313634363233633130646237366536613936666563
34353334636364303438636165623565336162363531336133313036623133613939323737386633
34623666613861386134316663616262303266623264303833363338626263386332373365343866
37373364636430356661373464333337656164616434353232613166633830313139396161646361
62313766313835643933343133353933653564306330653764376530386366613438666663343564
30323431623435303263313761333061363865616434666266643639613438363838366639373332
62633362343933353762356137306664326538613632326162396164373664383237343539616134
38316339616663383331306264303337376236646232623038346262393436663662313630613834
39373531663630333238323833333365613739393539633036306437313930353132666261663230
31333133636466303636356139663437306539356330633938323461636231373363636537333361
66346530323635633730616338363262373731663333356237623064366263333862316364663839
39663830343064366331643939386332303139393262346665616366626334666432636433353239
62396663313933386665636431373035333737396633366235626466633262313832623330353964
32316631356338376636633662653130616564333065303231396530376563643839366237653031
30353161303437386430343864386661356536303166613934373363313530663038366537303832
34356262333961623561376234663233643765333963346238376163376634616339623939306463
31623562643633393365623939663830633739636363663234636461363632633839343039353264
38613665376233373232646662396136393965303431353631653564346161633535323130303130
35363365326266663963656139363533373032356634653039376439616332363963626662623965
30313664393539633236343962616131386661306666356539333362623431626666303030626231
62623733396339326663363638346265656365383930666139373837346162616431316634623538
61356466376532656337386164313539366338353037376163613035316430633733666137653338
63373133383061613339336633303034393238393935643962363934626231643731326539663235
61626166353965623135336337386635346435343534323835383062333837333733383065356434
38616265643536613262323430646339363733656464336165356364383038653237386464346431
66396534356336613730653531333961303731383837346631353239636664656561636238306236
33303338386261616561656565303161363938373034653162396665383734306635303936346237
62303539633039653661626438323238333065656362616339653731356638313464633366623562
33623564626465323666356232336230623064653663336631633464383531633736363764353566
37383430616136353732373065333237306535306661636633353038376662373364383062366439
66653364656163373037363831326361303566373837653234323936636138393832303734393264
38613262393233623364613037656136333732633036623432363439613363313062343962353562
64393261356563383836616463613863346230306434333832623435396564333262656364663531
62663165643430633462313937313266393664383333343861663865613731623363643538383566
61363065636263613865633735303139316162623333643636646339313262316339396335626133
31363134393538313262343430333938613932666166646334396134633564386332636161303466
38313130396139366164393930363363643366306466336134616535393734326662383133616464
38653861326439393165393862626437636165383731336164313961303866653838386535613835
39646234353933383835363534343637616562336464356530626165303763353964373062376431
35326339303938613234643066653663353563343937356262333061363537373432663638643539
36313331393932646336636532653863643632313461393865326630313063643866646338613432
64303335616562613761623835393837363436343766373264616232656232616435333737643066
35353866353834323634303363666633343135613939383937343434653735623534626138653438
63663061343736663839653664333236366337336461613939333163646130633437623265336539
31353732616634656261326231356363393461326537326364333632373465616635336134326336
38306537663333666663343636393934336331653037366434363364386436636265306133353164
38373037626631323138646161646163343737666366353365646430353333636431313832316531
34356132393038343064366233376635633633656239366631356365613337636636313561626264
31623236363334383864383966643163393165303963623238613931626266353763353131383731
39653261373939633636323333643338393034663835306562333063613736636134306339633435
37663533656162346330313166363838363635323232313862666264383335626266623065333034
37326238373930643136343838616630383131326237373963393434346665373964636635646332
38343663643363326662356636646438643761303339613834626635653038393263303738393566
64383931313030333138663063383663303939366237643734323066383239336337333666373434
65626264623931633336663830333039323863373233653861353931333631393033383436316664
39353932333966616335636339646666313465313339633163613765353638343733346132373938
30333235666664353430613237653337373635376162643836373361656439326638366165356362
33363431323439636332633932346238323163353633336562336161373038306536313731313762
37633837333165636131323761646237663466376366336533613438656462376663363936626238
30396266333930643166633732376663363237376162393465636563663762656235373832376632
61643930303965363837316234383434386439306234613139386437336363663966316466663832
36373062643038653865633430323261323138343534373630643061393234333233656666653137
32396631353436333038623239646638613435323836383131303438386162626566376464653830
64623137313930336363376663363861666238316533353138353130303166343032393563333238
34353362643535386439653638356432383462313733623335393133386132363366373162326334
30333666646134376133303630613966303730666433376430363138393335666135376361343136
39303632316239376361393131353539393035396463383364323235303030306535303461613736
62323833363135346234623563343361313063653438376461643031396364656664333665663763
33383565643437363933353938633133336434363764623565653137633931386136366139336233
62323032623631333334663134363332323538643036333238623762623633393966383631376134
35336132333730643135363338343034353738376365303433323639636266646431613733313430
38633533343061626136326636613265626330363633376661323733306436346638343633303730
36376261356362623933386133623862303638396564373233663137613061333362656234626534
62633864623965306663613363363566376562393033396562353134333739396438353936373831
39386663646464353133653638373034323965376236333331663734366265306561333432303635
33323461663739366438376232383131643364626336323339383335353064343334643033333766
39623466656533363732383336613136353838393034356162353565336639316162646330633263
61356238623237663064653630333831656565323963346665346139366234636664616535656339
65343239336263643461353264393430633033393436396264636335336565353464616538643935
62663132353362316465353139356134386534333565356437653836643238633438353566383635
62633936646365396231373835663937333738653733623865396362323337613635393265396562
37306564613431666462653038666231643931633665663139646362636233396133623763386430
36323066326463333263653961666364373138316538663831643331663263313636333363303932
35653537313835323335613161623732653565396462366638613034326330616237343862613534
64303335663835306133643364633634653835323032386538653734306166383134303037303066
32633335336162616664303135323832306534653138366332623038346263393137633036633036
63313264363536306532643437363161613237616534396466656634393334663936393232376137
39396431666333643165386366383336656366363666336431383233633932326665646335393830
66353937386338353432663263396430396666623637626562393530653534643830653134346633
32333362623931353538616632613065396434383535636661663031633239666130326137313835
31663234363031373734643562663832313833663261373936363737336135343261313866323036
62333138356434623831396131363733313232356238306336656463653634653463343034333263
36336364653731386364613730363262313961376137613237326565353363373364633335613935
61363230346336323164633564303162633034326233323365393565653635383961633961623931
38383863623035623137626336393039643563623165376132633163663762333930386164343963
63353663316634353465343565363866313037373861333465653039613064346361356230343261
62626162346136323336386238666334373630356164623564346232333631323637633765373861
36316565633764353033386561623934376263306634616238376365656265313631353262316336
33653562633064663865663632336564303266323939353763623531343161616266623634343838
35386436623064376330326565643831316661626463353563353637623663613639343037356231
63356335323731336562343565353232386439646565663461316566623037333734366263386130
30663866623235363932346532613663386535373662653966316230636334663636373332356233
64313965356538346163616534343766323933373533313133663364396531666363363237656361
62306433623037303436383736343464303265666461303162353031343361353633366464653132
65643738653166666234333135656131663339386338333732653032333130343838313232626462
38333433633536366236333663613637643638366332376161306362363931343937653036626266
62613464386266306634336333333930616536616238383766323436316262656365373066346534
62623762383466656165303131643536336263376136393264613836353236646235386338636238
34376532373237663663356664653664636339353165393536646635353562326666633563343937
64343565363639663032353137373663386366343237356432336366616132316665653833343939
61393566643136386361383634383164323033643034663635326265643833353361623731396332
38363862396333616461313931363035306330613331393834353136373032653662663061613961
37393031383839363331393730636265303536306263383933613639626235613537343565623565
39366638396533313331363831343038643363626364333539343639356239633439333165623562
63313236366133353134383839303862356633353764306237653864343963653538656235316564
61396138336666646238306637326265326565363535313064653537393461303932326235653833
30353737333961356136626533393135623633643438373465346137393232333164323731383935
63616239633630386637363561663863363363316433646365636161633036353538333630613961
63366531383733313137313564326337316162663861636334636139386363326332333236613039
31633033633034613130663034303861353533396162346535623030373365383666386531653561
61386537666563386639633166376638343937393966636636613537326466656436643263616366
35663263346233616162366463326431636539303838313263653738383532666163393732383636
37636561623530323265306166653332623934643032316436353930656333386335316333306562
32373762323639646436383263326538393565336238336234653633613734313662373362326232
31666661626465346239333961626262313236636531306135393834343563336232613534343830
31326630623137333331643162396532363931333136303531636261363931303866613466323064
63343035653938623163383065353534643936383035383939616632373635393766636238336635
34613938303832336536303334386532376638366338633062396137613233643639383536346665
63353263306263336666653039313362323238346162613762613364666465373062633135393564
64633039656636313062616161373239666330663430333764323466613938366432616138616130
32646638383837646137663336323835333539356665353133363232613063643533303166353163
66376331623733323238313432393966633835343737623730633865376437656135343639386137
65373666326462353065363464633233666530323335636366373436343939366563336637376138
36636237343064333036303937306530633161643163313561636132633863613062643633366137
65653262393938303534343631633539386364393536373130663336663235393331326331313763
35636665366530373932653636303738343065383436383361373332393536343066393661333339
38323862636666366639346239613432333238616666613935333134376236373765343532623938
31383535633931366361306333636664656663353033656565323763626137626335313932626339
39333438346361383163643864363139346234613763633537333561633763303666393938616139
64313339373964393466353232663265383132363134363661376165376663646135373562353838
30366633346632653430303963323962393136313833623365333333333934373938313738333531
32376133373737346166323131633066306431356633323466383963303535353530333937373533
38303061346566393664363038316563383734323966356165656331616664666561363034646332
35653335376234636639373930663230333839323035656633366631323063626139373663643639
38336139633138353135613730623465333030643032653131653065386434333737343534353338
64376138353934383461663863653361376138636333303031323865373235643733386232363931
32323732663338646139356335356261353139663836663539326133383432333333333839646435
36316132613562343564346537666161633538643765373537363833633733333430363631323634
65336435616363656133323565633861623435653331336366323865666165303463313637633862
64346264623030313433333037303339366133656632366235326237383030353538383534666633
62663436643463616163636563346261663966323039356234656465383738363661663466663939
64383037636438373335653831633165613639323762343461313235636434666432623031626564
38323761333736626538333732353633343330366330656461633164346535383835663839626666
62396262303066326239336537616565396466343562666631373837616662373965336230663633
30613236333338326338666663656335343762303838636131343137653763353835636433663362
31376266613533633561363339383433393964386432386534613830306464656632373530633763
32346231353864656635343039383834333038326563613165323364646537343731363439393037
36356334666134303531666239363765376336356134316634336665316164306634326336383765
33616566333462663935313537316434313038373533663162666161383066646132316632326561
36653835366231373234666634383365623739323931656638356131306264633532313365666131
62636161373536373730636335313362376362356638376235363830613862313064363564666562
38643063346635333031626265383737353036396465613133613162326265333337616335313264
61343337353864633733653632306239616432373737666663356235393162623636333232326335
35386462656663383931616536363230376462666336356435363533633263366566616136643935
62643435613761653162666236636663303437376565626137656532383462333637383866376262
31653532666639383462306431373564643131353430626137643132373865333565386161656235
35663161386536646332623636343339343233323236663938303135333633316463636330653136
62393164393661343638393038393761333162383539643539316630303437386330356637663030
64323436613337393733636462646232366665626265333132356532633539636139623562663633
30306435356337336165653834613463396465393364343863356436396337383336313437313363
31626535376630333261336234323735373437666366663938343136343665303539376632323763
66353766393830373530616433623335636463613038316662336235616430313961386534356635
34643733643166306561323565616533346137386361316661306166636636303164343830643164
63386661363462346635623534353737626562393138653530663434343736353437333638356134
65656165313433313334623935643264636165306132653931656263376461306239643362656333
65353631653737333738646139623864666330363634313265356131656233663363383839306632
39323432666664613736333031636435653239373231333834653434313338663464336233386336
38383738653934353735623838653931626531363039393664353331343962343866303139373434
65643639373435373730383936326364323037333561643764316165323139343865646539343465
38623833306162366636346563626236653063363336633231656464323337636266363566346239
63633765616532643938383233656233333939393263663561623331366535373465386365656261
65663139616464303636346464666438326365653833303939636238363837643266323436346338
36653832633064613630306533393530663935633938643030316166353966356633323332653836
33653631653539346233613862643332346163633539393730633331633235623732396232613463
39636231336437613830656130303365393762663430373963363038663435633838623937653033
30623438383235386432366166663430623565373566353134346431366330356663336233396532
65326438313334306533646538663364373661333064646331643261313465316630393432383666
66643231633066316161336634643734353133363338366338303836366431663532353566666535
35663636316664363039653566366637393364323463333561623461383538386433383039363430
62353537313133393966663661333133663033346665366164666636616435666537623635386635
30663636663464373066306437633438326634313331666332363164623562633232393235346234
66303233633030643736343930323835356233363739373331383661396566663731663962653962
32383633306638646531373465333332333338633264343135636136383334613365626434313832
35333661396438323937613066643364366365643531656362663534636261653139353465376164
36316335313338376262313564636461366664303437656266626162636535306665313032333430
38366362616663633737323430343034386431393262663662386632323963333830303734623835
38613264343966386438323466373832376630613833653236663138646433613135636237386135
39346461366662626465383965353065623236323365623761623665626130383466613961323433
61373663346162303465643162336361363235343263346535303162306662636634633630313439
63383132316533613834363166656633303333373731323833373035623437316331666131323166
38383332303936383163363864616339653066333035306662363331363063366634663762356335
36393531636139356531326466353764376332353430636634393065386564323432333966363162
33343430323465396263303934646131646565343732363638393733373931306631326232396439
39333964323835373934303863386439623730393833653862353366613139623336613639613764
64386135343238353138656538663232396461393237346236653761363935353630343231366164
38393132663330343861643639346232343666656431316334393465393134663333343063623834
31376635363064343461303432346364663433323134633364306536653665353266373565326232
35393263316538376562613362366131626435343138373161626166623135336663316434366336
62363237363631633839306239363039333862343131333137636138323566333961653332623731
34383232633466623561363735336562353661383462383962393066613536356532623739323839
62636132643537346662666230343063323534373335306130643565613232653462366537373334
66383562653932313637336338396435633334376362343137393039633865633134393937313537
30656431646134373661396130643438333131663561643935376266336562306434626538336631
38623234373938313533393238376266626233316339616461663861616432666432353837303239
61363130383235373633623433653863613737643132313332316431303638313038333963393932
65386662303039633536656362613261303236636438386566636532376465326539393431366139
30376166333566613064653936326536303637326666316633636665373561386564653836303234
39636566393938663034373865376564393962616537663530313664633232623231323336633630
33316461396434633234636230396565396461623461643762653365393961636637656137373336
35383531373036393764306139336334313839633761613233666332373236666535643861373439
34636363386663306264636130626533643038626533316661383263336232373764623037323530
30303665633161383662663931363666343937303733656437396338383637396561323562333235
32623266396538306638376431633765633765313632386162343332346466303366616239373733
37333839336531663331393033633036636435623562666430316466663864323130656166346662
62326263333733663832643732643534616434353066343534306664356564373535393163616633
66386431636635316262656232643531396231663339373061383835363136316638373062393139
65383136313936356166363534336632306336666638386139663661646336303465336131623638
31393862393537396432353530316530643164386234386639366463626562333730643336623237
62653739613337386532343030373633393536376164356535633362343934326438396265653662
66646335346365626239653361373861353431316231666130343162623639663530333166623933
39623334333439323661396636663332653633663765303034393338323332623238373631623933
62613432326266333766646232643664666263656330336565653362373638626231646439666238
33356165333533373064303961613165613361356538393632333234636562386436336237366531
39336431356330636136353732313039323930313666623436616433373964663465326430623134
39366431383132666636373236633832393664666134623633616234663333303533393432623835
39646162613737623636356564613737343330363037663235613834363332613664306139643865
38663836383338353236356133656666373465623863383332326261323132663966343334633138
32303936313764353231363061633337313439636563613763323539663931336438646361353161
63343833313334383563313136323934396630373433393264393734386338633864613634373763
32646434383132666164353063623661396136396166386664373262663637633562626662643966
39383835633062663164623363326533316661343236316333336661636566653765343862656339
36666339663938383035656131356238323531303464323965323862633533323030393038326135
39613337643062363136303337303435633763626338633633343964663631656530333866616135
66636531383337613033393164373832323762666533623963333164396465666235336365626536
39383161356561613637623937356361613532303530353836356563613030373836613534386463
32336562636636373165393964363732316163396631363332303335366632656563636138396565
30663732383231626631353432643031623931633363636438383965303732323964636332656535
31663963303264333266376161376662353563613061356438653438643837656539653562613565
62353436663436666533636666666132356536376636666266363536626365333261353963663239
37613963343534353531653165396435653361313539313532356363613837326561613564333663
39616634653265393264386565393462663864626331353563353838626531353061633732653537
37313133336262633161333630643637623735643136356433303834383033656463333361356239
30383634326235393131376135313638346233643033633834613436353835353530636439656236
66623031336437303931343163656531653036616662643937323763313966336330383438356636
38376465666638306634613238636439346232306261333432393332326436613464383461633764
34663165613161643438346337383866393561326162663961306337663234383731333262323833
34643138633133336536656234636565303561386466363363396165316339376431626439656430
30633435376332616163303365383232343362333363376539393434626465373933616434383830
64386530386464326362396131623163656561323434353762343932653338306536333534653438
38663633363333303937346139363633303032653032373930333433616439646536643732386663
64666263613031373066613462373930623533313333343631653038616362323739366663393161
31383838323865353534343266383761366439373333623731646339356433363064393563396138
32313431663439346564313961633434663431336339333565373063393335343333303461663962
66313234313735326536363365343230626131343038336462366465353033373538663264343430
32396238333837316634383662363263333638363437633737396133376633613234313463323363
32303537303663316164643535656665313037653862353061383939306236623631383637306431
35326161633730373531386233386364313363623061333061393532636331613133376236653231
64373230643134333663626330343132643431343861363061346166323836323763613334663733
30333464366164396334303737303064336265633532636265353931666362343466376535333031
31333664363865363632353663356230616436643438613734396463383138663261373665396263
65643330343531323632366437353961666665323463376336376631363336356631626465386262
61626339346666613364326630643061306165613566616161633564613666363737326534363134
30613835376330333031353166393066386230636561386531303032613666353338343861633831
64636439316261363764396265343232383866623330666266313338346461636633663465623566
62643465656261336434326164333330623465356461363338316439363235653037303761626164
36346432366163643730326437343934613161366133303033633736333665333531353963363737
36646339383234376331333136626238346564633035323035396337333132353738313531366337
30363331396435663466323935646339393365356434633732303732633863303335343038626530
36613039343636313330663961646633663537373063306562373236383664386634663237343363
36303932363532393632383138346639633665316530653834346436376562323766363133326266
30376336313064643738323162386531626534626437343264613433373636353963643332386631
35323862653236623764323530653432303936633363396633323262386632386365666161326531
39613336386637353664333833656432353632366165643532383065626631653838376165616265
61646431363762336130356561353533623465316434626530303838316263383532666562316466
64663037383066326365653164623663343433356132383030656337383666323961393766306133
36633665396634313461633739346463623430313635316465663963633536303938326366656639
65653232366539313933646237373162396664643130343732303636376331653038343066346537
31383334363030383230386337353062616265333865393032666239396138303666343533666263
65323361373739366564626461626535346635623363633933356366323939656633326130646430
62346666623162366630616465313432393337643463363761643433656531343266633737323634
36333266313636313664633139636465366136303935353863373836383531373332333164386238
62366634656632383364326132326565323839633066636432306534653963323432346631366331
63326330326562643730333565386430316532623861396633653239343762623065316235376161
32383430316137653537616535396530616537643532613563393739626562653062643034656639
34353461386362636539383030616130366239336636613231313063393734396136376532333734
66376133333464633934616431373064323137316439383634666438306462633065613763373033
39656435346132376466333462636335623765366566636261333432663633356363356233626662
39356233323830636235393839626231316239313031356265633064643533313863623362393565
39316262386135616135323936376436623537653236653164353733333637333365313366333437
39643537346235356533316233313064336137656636633237373461633638633136616263326438
61373438663162623663633261326637613936396332633263623539366531646261373762366365
35623435393264356338363137393636626234393461663532363965653366636562653533623736
62313437303532626363623761373561313238663739636637346636376231373832376333333236
62313064633331616530386636303063306630646133373430633130656430373864663666386234
62346434373937353462383030333930333131653035343762326133353236333864666466393038
34613161616363393434613936366438623364306363333631356132646262306266666261333033
34313237613434383535373961633034336139363231646163646464323936613836343635353132
39313566666435396163666566326363616363363930343762336264623133343733363364323238
33616339626236376561333736396633366633303263333835373731633636346538313664616363
63303837646234373237663665343334353661633864333866623465313363336464653839616161
65323263646437336133663236646566343730333236313030336463666236356162303865373064
64643566616362653564643963396666623930623837303434623334623836316564356135323133
66383734366537346539633462323466393764656266326162653830306137626161313935646430
33383265306162656266623030373165666630623131313039303734663738346635336139353732
31373930383132643332323462623338313165393163623861323565633461666665623939376332
36633438353364396132663064616666343037383933616333323765666136303664653036316232
32313864636133326466663139343864313465383238666563353037306438356430353833303331
37323965636165346236623636316530613366623961383336636331366134653364326661393366
64343063656631633161303262626134383133653466633663633664333330633130343430336662
64346436656163303737323438323338613934643035343366353264333766313437343634326237
31336438623739393331303835316431613637663538363661323862383065633665346466623131
33323039353130326463343364383166643537636333396432623635326563316561386434643532
39613439336130303666393965613438643034356337363537393366353830613831643536613635
39306466656166616135366134643333623637623331316338633636303736346132353134396432
39303833356436656433613233383731373765313330613536663736363263613064313637383737
61393066656564653763636535623038313963663265646666376239393233633066333562336338
32316533373061336434326139313664386538313331383533626339353664363433363430653532
63623061663765316538626339613664323361653864633762646666353364326537333538326534
39323736306439363537326364303764663933643837616135383835303032666532386131643166
37633562653364346362643362336563633031663039346334653834353666316236396363386337
65346339313932656434613334613763633362636136663833653237323332383236353266353063
62306534393633633231666339323865336539643537376630333237313633663062393732373962
36366636396237613262366136616130366566353831383233316234363633396664653633376138
32383461656665613763663935336635633665363438613732646430613565666665303166323238
65363931316464356161316262643533336535633835373731656632326337393839366436303032
64396235663062323634323039616330323138666261326333373564323432383664343336303839
33366633643563653335363538633839356463663061613437373266363666633331666636313036
62393166306639346137623136336635396536396332353837636636333364393435376564613039
65396166333535666132646664663332616439623861383066313236333435626436623232313739
65656131616331343333613034366434353137386236333338653362643861623339613465363535
33326435343063663032393231663866323135623633396332373830666564373938393536646434
66316662303439646265343835346434343631363862663265353631343431343464663835613763
65633138343665373935363737646265633332353463373931343061623038313833373037636461
36623161653434656434396636363239303737363533346634663334346436616537373434306533
30616137336162663762666531663038663436663664313365363132633632363830346662343939
39303835616435613439663263663064393230363238363464613434363039383638623233393032
65303735353633623664326238383466383233343832366461383466396466623538386436666564
31373330393463386234656533333838646638633933626663613739376437633765366334343962
30333063326637386437616133386130383335356234333365653535343135353033316636336533
37636265333039366633393238366337663361633437353866303663383663383966653765663630
64313637393732633836363764326638623761346565663830663132326436313566306237656536
34366164663137666666623030333662613837373531353338373630653836376431313337313364
62343930643861613535663835343136383135313962633966383739633238643264383232343365
66353861303336613635356338666236663134353137346437653033333337336131643535316434
32616336323136613461313038323465643533643162653631366434393765653231313130393266
33616230633231316432653933636437623133303865323161653039633039633537303866343633
38633631643839356366623331633435666664376337616466616463356264623662323137643762
33613430326565646638323839353832363438376465346437393138373162613233306339393866
31653064356330316634336638313361653631653138663061373063333461363833353337353065
33656332393361613062666532643634316661313632633661373034393231353030346166623734
61623633333435336563306332643031376562303731336662333364346566383762343863356165
31323662333963643039386238363831393134386337363863613332383732363937346163633731
39653463393231396537653365616231353639383130623863663333396633306661623665386331
62373632656162613062383034333039626461396632623861643065373666303731653862373861
37393932353533396137346430393332373666393035656564376539643239316466326132336265
30376238346232303731366464343639386466656264303633373433343638626138383863313939
613830656565613339313335636136366263
