$ANSIBLE_VAULT;1.1;AES256
64383130393135323130356531633161396464306131323463326438376262643665383561616663
3161393131396465353232613335616533316331666662390a356163383636376461623938386463
62323239613038623336653934373735313037393466303265326463613961666135663539653132
3738613439646362380a363864303132316636306531373834636565393939303632306163393038
39303566383338396630373939316632346566663036623530323333336633313364336130636264
38616661656633333334383038333835396531653432623536333233613538366162316333643166
38343935613665306132653534636535333837653031666535326461303630313366326235313534
32636334383461613461646632373033633163616132346234326663646136326562333330376633
39633766643862396430356539363030343762616264616335643262376630623736316363343537
35343165383334646337356134636437343933646433633238396365393265373365386563323439
33666231336136383166626632303362656430386162623934656664313262376265373130623063
34333061353335376437623336373235336162363365646433326436633965353038383137656230
35636564646264306233323334356163633738636461616439663635333866356338336239323134
62626265353130366236666365353033386536353335313531626466663866326239326132613162
36666264623133643736303566333362383031313361303434333332313764616461356562313161
65656434353664613063363561626438623761306363626166613431386563383739353137363333
39633264353032346436663164386136373134323138393665373262306430653863613630653333
33313663623130613334653962616238613461306139666363353032303539636265643931346264
36623830376565643065303034336666363231313731633532613263356434303733373933323965
30343431643065313537383435373539383939343264336533396332396561613564656236636436
35333039653431636261383436616164393039366533633961666539323436363631623834623633
66323635306139356639633731666535633937323761306462613636396666356361353938353566
66316239633662383330656565303764613739373235373931656230393138653330633030633634
34643034343832383866646261366465383332343337653131356632373333333930386230343934
37646262303737323661633035376530613162636634383939323633343130643739303836376630
65326236666666643862633063303864313537653431363236646337613763333136396235633337
31626564633133313563333163313238336265666563303432363130363565336462633132323239
35666634336636653738343766333565306336363130313332303265356630353638623733643435
30333964313866323761323035303631366563616635623632363634353536333864346237396130
34633564346334316130646330646534373366653136353839366166373638353064633638613737
36346661306234643339633663663732393438356231643434666537613766383063613863383537
39353365646437336338396232306561663537613562376664643533623766356462343831393137
38356531366561393337366432656261313661623131323265316162313331333834666434646634
35386664356533663432613638656130333333353439653164653030613034653261646330656132
35356530306237386261306135656630393535373164373937653831626539663163373437343531
32306437663434363239653038656361323436386534363935616438376265363836633339343533
34393439653632343236303461633538353265333838363839326431646366356166366234656366
39336561386136343066373232636630626563356630343131636538613532313563303565613166
31646632326362376535643036313432633934323630616135623636656237316664353238396161
34633236353939656437393635386465383763333065313165366339646236363636386165643464
33383462326131643334383934656635363164393361626161643236663664633738396338356430
30306333303565353931653665663937323133323339623363626364373163303565303931616538
37303164326562633532326236653965353234633632356533653534356437393166643631303637
34396132313434353761616436333664393833306336656236326531663933323837623131343735
33366536353035306662633831303233653061376433336438396336313230326261386135356133
61663430616539316238393065363132386537616263393664303963313065643032383934366534
30336531356530393963376633303633376263623832623334376664353431306437653538333939
34626131646364383339356463353739373364656430356637636562626530666630396336613334
65656161313733383436373466386664643330383063396633316630363939656130303865306136
62336433623835373761643635666338386361663262396238623132393134326432306239636231
30633139363136373462623731633864343633643730353836356132333064323732643634663032
39643938316665393265326639313537643961373333646238326166303461376539656234336533
64393061393764653735366539616131363761613638646131333031343162363031353734343235
30373033313738613237633731396135303163666538623761363239353639323939666463393462
63316266633533343563353066333334626635663563653734666337306338376134313464323938
64633639333838316231363663323332656634613931386464623665333231366539613333306233
32373664313831643266653033613966376239613262303565303230376539663434376234313039
33353730663763653734346139633237666535393635373839396637643262666335396637616437
316333636162303237633432326332313637
