$ANSIBLE_VAULT;1.1;AES256
39633935393339613630633332653837643161356137333735623665633062623433653838303965
6432383631646434303137336462333035353636663238660a363661623630353337336630653162
35343164653138663962363833633237393762663234336237643130633334303632313337346566
3939313939613766610a613864633366323866363333623036613539623462366265363030643263
33666136646534613064633364343965623263663737383965623730383363623032313133386333
35313364353534353064353063313265663366326166333064633134336536363263303165333032
61656336636463383965393761366235653932616264306538313235333238343833633737393430
39663566353664356130396539336630386538316436373661653535356236306232323538376131
64366362333132333764623064646638343865323736616238303131353134336435326431656665
37313564336362663532336263366166643033636362643338386165336362313065663962346438
62653935633161623739623832376534376365343433383336666439316638393164656137616431
32623137626137353235386239376138623037363565666461333962623533393735306430336339
33326334383564353763333065383863333534346431323062613137376162383335623931656362
35303433616461336535336665656361643435613438373261336534343134353439643066343236
63663162663461383036353765313261653433613139313138656365323736333938356435323232
35366638376533353930643434626235383263633563393132643737393337396462353665353133
66666435666661353335346139316633303438643631323332353363626132393333633562336635
31623565353232353438303731616161396138316233653432616166656163346535363833383462
34333431383631643836623639643963636339653362323439393432396565636539376437383634
35393462353062326265373966626334386439653939333135383038313065643530373132376563
36326435366330383631646239393132306538346530626533666435306433356464333264313361
62326566663135393239643635623162616164633337613464636638303563363033313530326364
64363665346261373162636464306262653433373962613635646539666137386633306135313262
32363033656435393762353162373161396136336566316361663666636539396135366138353737
65336336376564353762623765313037656363623231326139396631653130346330373132303133
64646365303662303533333264313135663535343139326637663761336263636463323366666631
37366264373032396234363635393062656439636663333238366231336466313237353465303135
62363561663063373261313639623539343138376466623737643734616534646666383731656130
63313736306261363639613966643532653266303737373838363634353130616366323362383735
66373430323566376266653138623166393439303365383032643665653066333034616135316262
64313965346438383965303237366439646334653961386163323233356633363961613964623434
33376331313837346630386131333434383533633166323838636633333961363035303162383162
37653031343038366533656564326438303231373163623633636362663339626166326263393735
31386662383464656332336439663235653862313830613838326662373536313030303664303661
35313962363833653231613833333934336534393235303438613264376164313532616162316565
37653238373433633239333763623366316238303332383035373339363666326165616331343965
66373832623430343531666164366334346530323937633938336537663031346635313339343562
35666166363231323762663538373865303238343564626262376563306539346366333432626262
63633263386130343030643933666562633436623738613039323563333963373661333730616361
62666331363434613962383930626165373138613230623038333865313630396535366634616338
66666635613266623066666235663835623630373730393936396631306535653236613535393836
63303762306165366337663035616231656433373862643036353761383636646364396231363434
38656636613033616635353061343930383161306462653862326337643437336261613739323435
64303462326165393463366338333466343132353763333131383363333735663764376265323535
34333837303065303665346238386266666635623961613065383662363965363731396235333435
32373365653333643836303337333838383439333732303265306561366665373831323733643130
37383861636536663134663235613630613338306232656466313832646135663665653539373034
64646132316561633864316434373032353661636134353637643234363739336331316239313933
38323133626632313735396161366630343061656430393966366162393437653938303831653863
33653066633039623732353630326139303735393136383763373734646338366232613665663230
34623136333665313365653137316633613261636461613664323962383662396264393230653865
39643430616533333430376562616334323032626266316665323739636562363862396535343066
33393231313834323338653236616335343261326235663863393663383837633461396531653866
35643662343866633566653365333335623332393434363233366331636432303334363633646263
31623432643630333064646237376163643935313265323334353162653035643138663665636333
33613034316164316531343764633334646633353538306530626236646533373563333331373766
38636164343034663363386430666662373066326161313238386530613536356439663430343933
64306437646630363963336165643264616363363031613261636664373631643235646663343638
62316430306431613439356664396438373037333964323137393064663537333531303564303736
66626634376638363062623539646332643266613533643636383938353539366331623163643134
36373263376162363630346136363634626631656534616437626438373134336635323837663338
65623933326532636362666534623031316261396331316233383932313063383335383065646163
36396137306139396231336637643332626335663232363164343363393234366163633361313039
66353334363564313731366238366465313533303237626330336564303131616537326432363939
63346461366662303763626132613934383639666531373135663531346634373531383262663131
39303561313434363138303138646235303962373133376566333061336534363330663731386365
33343933656534343336313562333232643539323233343035353962633934656439613539323238
62343632636162373139336534633032623539363431663536666565643261323466383961626231
31303335653162303839386161356464366561353236386232343433333131343535636662366562
62643337616666323865313135653930653237613236363761343364313937613934653530336133
31663563373634366264376133643665666339623665343733633730386233626437623638613364
65303061653865656535643637313131313034313166393234356135326262393536343533383961
39356663623530636261393536386261646633653038353166643265303732386630613230613034
31646632616261616132643132633366383739383634646130316139326264353936343664383965
30373236326463323436366537636463393638626334626337646536646265613466633438613263
66353162616165643265666264343062376432303838386439643339373633323538306233333164
64633764623930633535333964643366383138316435663035393262353763306366373131633334
65323731323036623961343538656237313830656137356630343837343931363239316333353864
66383630393130353931343339636438353031303237643565336133373966366161396533653562
38353366393433346562623663653131346437333637313565373837626334343464626631613161
61646536653163343866313666303865303965306236613234303466363566333864663665383933
39633030313061306565663236633364353734633766396263623730366565353463343965653232
62313334346239303931316462353462386662353733626330656232613066353162323762326535
39653939633537376262306335666264373561353838333161353564643735343736346431323163
30643961346238393661323738313630383665393435353637303434316434313335313062326138
33626131663035313236313535353236386566353338303132323531623666626162306337373430
39336130633433333035383361353737353836613263363533663639303961396561346430383663
38356462373832316133663136366231656338656431343430636235363430383931386334333665
37613437303239663537363166323431353538313334653139303833613138316562393139396230
33336464626239363135363164616363333261363130646534336537633661323338636665353432
62383233303465393836616330313066616434336232336137653932366333623732303562373362
61396232336131306364656432623265363332376162626334656139343333623532626236303634
62356639366337313838626339343365613964646431643934363434366665393064326264633232
38303962313734653734353461373932306665366534653432613533336364646534383064313136
66356637656236373932363536353462333532366334323133323638666261326264393036343237
33613731306537356637333339316565636439316536663930333734366537306639336330623863
65393730643366666138323562333438366266353432323836656537373265646136313536353231
36326634373930386666333133623435343934383462346535303434363339393461303265663563
37343233306432663133393530346438393766333766663430653665646637373139656339393965
39363764313433313832346235353433643437613562343037396264356234346164306362393565
65316138666139316230616538373834373138346465636138316337353037373666306437613961
34343165643933373561376136336164653566326365663335613632303737366335356639636336
35616664306663626639386234653738636165393830313639303963396434326336623838336465
37303233303333376631633738623234616661633031346435373461356461636665646537313837
36616431336137643162666335643737386561663261373233303062343930663939653034616130
62613962363437633839633837323233353932303662663366326231373064646234363563666333
35656462313832303431616335303332373233613565353632623966333765386330346661636364
64656638336430633861363763363132326434663964646566363266353934396661386537663766
31313038303532346237646635343536386164656634353466353962633937323838366336326337
34366630613863643634646662323439386433626264383561663937343963393462613631393035
62303735363665353865353961643866333030356565663566613363333731393237663932336537
64366231393536333437376134653530626665366263303066363265323164663938616631646363
38336161643563326430306362333639613464316432356661303436653433646134356565663033
30353762323430653535343965656365363163633762613762303264656661396336666234303537
33623634316662306461353839316461383939386537383633326537393263353435643061343833
31643230313232343461343837333939313634333531303961333732393138323130653730656537
61336561393330663563336239623533303761363163323733343964656436383534623838633130
33646437303666353833633634626662613731643732653065356162646136376162303962393361
39376437386333626463366531613061383233356430636237623630616666346330393335613632
32333637363733353165343733363130336466363565323731626638623334633834663536336532
32343330653633356239353630636264396436303338343733663939386366346638393266393534
32623763336433393836626435376632333165313962626261306662636166666162613337323936
38646439666232653264343164333065616261363763346136356432356437343634386438373436
62306132666164633862396530396434306561396630353365643737643032316562386662306366
39353334353761373730353337306561653634353636343763646630333261616461336232363339
62313362623433383634623437633764343033303830373562306334346334663966326338643239
31326665636466326536666537643262626466393339323561376130643034396538313437376430
33643161353234393839633532326533613837623334356162623034363561663761666637373964
37343332343338343761386465613535343737623536353438346538383532333963663862373930
33383730333764316136373136623437613738393632306137386364626466626164616261383730
38616133343166356563343237383565386435653638663763656539613233666636376234346233
33663234303339653736333564313335646363616334613032323161313532303066363836613039
35393764373534363066396632363132643139623234666262373534623766376133363963393637
62366536346532356533633236656263663763336166326236623232636664666436313639633036
63393538383030383361633662663765393865303233396534643361326232663234663434613138
33363736656335326336663131396663326233366364653666663230356532393735336163616336
66313739623530626633333765303532363533356339323930623735363330323962363665626631
65326534353338346533663434643131363032346332653932333431613363346237316162373965
33626332666465393564346533373566613962346138303366646633393933663939356565666639
37643864303235306637336639353161643137336630343030343338323962373862363839653562
65613961383561666635326437386436383131373761326433666361366531356237326361653935
30646236616263316262633265636661396636323361356262646639366634336438613430623536
36663862616237373661393262623066656636666238386433363663326330373036333466386661
39613237626236623739303037326531306336393863333831306332666435633066643933363730
61336365353561373438656262323233316164383230313135616634613862306532396536386161
39316163373536363532663864313934623133373566343931366533343161323236626565376461
33373366356663653666303461633631356438336439363366313131323364363937613832306238
65323862393566383066663135376266363164613334343163653137633334626338376662613736
35636366333539373563613465616662396561366438623833346137613839633435366138616264
66336138626236623664386332643062343236313530353639373363643238653666636530353637
34333233663033383231616162373539653664383836356430386337343063303438626263346262
34623836363831393864343537616234303466623830353939326335343564313130353361353963
35346165376361613762363666643137323761643834653364323634306435343636666235343239
61616232666266613034623136643266316365626564303531336439306137363961616261323130
32323165353464663335643033363132333134353539326563383936653466393663313664323266
35353336653331393833326261613864323836393034373637643864316234363862366436643734
32646431363139303633393032396634343835623530663663633839363061363636663861323566
34346362366335626232326461656538313134303831636130333461643663333939353566336336
33316333316463343464623862613434376437313431626536376136666438336135353133313261
61363066386233623362386338616166393537386132663437323931393630303165393235393036
37653930616530343637326531616239353439376336303739363934396164373362353638386163
35313932323963303037323139623063333765353433643038643862663534376534323763316562
37646338376463336362396237633463313062623966383765613039386364343061316365383136
61396639636636326634663138383134393337363130386565326364656538376365653933363961
31396264383165343037613261643130646137383236626236326466353633396131313135653239
30383335366433623336393561653230343636363064363733393966343961626531336538356265
61643631343264393334343462653236303164366432626534643262646238646138623430396537
64306365373731313935323861353038333635656665333137656333306539366330386636383634
38643838623535633663313564656537386631643037303861353230333834626336376630376436
33346364333563393065636663643138386664313135353133646136343437666434343664653438
62323636376434663563653730623535396537333134623130323761623839663039353535396132
32666561653333346637326232373833326632353835653463616665396433376565333061373865
61333532313734343139313939313731316332323838663061636138323330343639333536653133
62643861626139663739393535333133313465393235303439616333363637666133633338393631
39393931633433313034663165643539646162656463323436373033333330613831353333636464
31653438633230613235336438393461363562366437636132303835343739643434333063643765
30623038313837646334306363333932626331663830393333616364353464636166363363373132
37333262336333646337363932663339666133383339313330663561383133356362623735376139
65363032366433653435373035353832323237666631383666373333333230313163663039333066
61303236656130663938363630383266303230623837653932353139363534333735646662656531
65313961353661613134346566643735636130343366363263343735396331626631373235346164
30343962623663383439613065623436313063616336343466336461336663646239363938633866
36353738343130383863323365393338643165313532396462333135646265366632303337313131
39393463376137306365356539306664363064636163353732633339303731663039353530383661
37333939306361313934643433616431613239623834396133646466323765666630366439373335
34313435383631633661623037653761633638656638313562306339373764383466653430656435
65303065336566343262313336333134653763663231313561386365613637396566343563386635
33366633633661373033323734616238396635376161326162626133373864323634313465346531
63333339613234306163376633623235353232353132343534616366663238353131666434623231
64386230306135373165303938336261303032346637646238356264366537316630306135363036
62326433363435623339343732306434656133333337363564326232626435623263656266326137
38323164313436663637356237383136613437383930646638613863316230633366383034666164
36336436623637396137303134343964643632393461623431623166646566373032333838346161
62323662393337343236313833623561633831333562633864616236323034626631356334376633
36313635663032313131653634633062643161363965333937323437396462343366393863343038
30623531653530336634396231366532363763666636633466356166643863356332396638643436
66626435343061323235653236333630656337363461313330633361306631663863303138316339
63656262623135383735313835626163663339383133656664333830396664353038343238616464
61313862653663396530663163346462386133663064343564646330643866346164353635343632
32373966386131326638373061646463643663303339353839393063663736616632393031353839
61383632333338383637623030636261623932613833336138646432646262353366346434653939
30626262656533623937653330333761373066343262343238366135633765653263333132666632
31346537316161326434356235616130356163386332653536353539363064636634396564633630
64336463373164613738336261383261373832656339313264393234303939633935356162396363
3233
